tensor([    1,   733, 16289, 28793,  2087, 18741,  4060,    13,  1976,   460,
          396, 13892, 28723, 28705,    13, 12069,  5407,   369,   574, 14915,
          622,  4052,   291,   316,   272,  8847,   297,  4735, 28723, 28705,
           13,  3381,   368,   949, 28742, 28707,   873,   272,  4372, 28725,
          776,  4098,   741,  1341,  1871, 28723,    13, 28789,   700, 18741,
         4060,    13, 20548,   336,   349,   264,  4788, 28733,   501,  4097,
         2996,  1200,   368,   927,   298,  1156,   272,  3905,   302,   264,
         4052, 20590, 18370,   263,   842,    13, 28765,   375,  1491,   380,
          264,  6416,  5202,  4052, 22066,  3248,   395, 11260,  4788,   298,
          808,   582, 27222,   354, 12076,   298,  1038, 11866,  1339, 28723,
           13,  1014,  2996,   349,   390,  6104, 28747, 28705,    13, 22241,
          473,  6808,   403,  2651,   390,   272, 18272,   392,   302,   264,
         1215,  4387,  2796,  4034, 28723,  9595,  4708,   403,   456,  4034,
          477, 28804,   531,    13, 17899, 11194,   460,   714, 28705,    13,
         1410,  1014, 28302, 14653,  1421,   531,    13, 12069,  3084,   272,
         3248,   368,   506,  3859, 28725, 28705,    13,  4091,   272,  2757,
         3624, 28747,    13, 28738,  1153,  1180,   523,  3901, 28767,   422,
        25775,   523,   772, 28767,    13, 28792, 28748, 16289, 28793,   415,
        28302, 14653, 28792, 16289, 28793,  2087, 18741,  4060,    13,  1976,
          460,   396, 13892, 28723, 28705,    13, 12069,  5407,   369,   574,
        14915,   622,  4052,   291,   316,   272,  8847,   297,  4735, 28723,
        28705,    13,  3381,   368,   949, 28742, 28707,   873,   272,  4372,
        28725,   776,  4098,   741,  1341,  1871, 28723,    13, 28789,   700,
        18741,  4060,    13, 20548,   336,   349,   264,  4788, 28733,   501,
         4097,  2996,  1200,   368,   927,   298,  1156,   272,  3905,   302,
          264,  4052, 20590, 18370,   263,   842,    13, 28765,   375,  1491,
          380,   264,  6416,  5202,  4052, 22066,  3248,   395, 11260,  4788,
          298,   808,   582, 27222,   354, 12076,   298,  1038, 11866,  1339,
        28723,    13,  1014,  2996,   349,   390,  6104, 28747, 28705,    13,
        22241,   473,  6808,   403,  2651,   390,   272, 18272,   392,   302,
          264,  1215,  4387,  2796,  4034, 28723,  9595,  4708,   403,   456,
         4034,   477, 28804,   531,    13, 17899, 11194,   460,   714, 28705,
           13,  1410,  1014, 28302, 14653,  1421,   531,    13, 12069,  3084,
          272,  3248,   368,   506,  3859, 28725, 28705,    13,  4091,   272,
         2757,  3624, 28747,    13, 28738,  1153,  1180,   523,  3901, 28767,
          422, 25775,   523,   772, 28767,    13, 28792, 28748, 16289, 28793,
          415, 28302, 14653,     2,     1,   733, 16289, 28793,  2087, 18741,
         4060,    13,  1976,   460,   396, 13892, 28723, 28705,    13, 12069,
         5407,   369,   574, 14915,   622,  4052,   291,   316,   272,  8847,
          297,  4735, 28723, 28705,    13,  3381,   368,   949, 28742, 28707,
          873,   272,  4372, 28725,   776,  4098,   741,  1341,  1871, 28723,
           13, 28789,   700, 18741,  4060,    13, 20548,   336,   349,   264,
         4788, 28733,   501,  4097,  2996,  1200,   368,   927,   298,  1156,
          272,  3905,   302,   264,  4052, 20590, 18370,   263,   842,    13,
        28765,   375,  1491,   380,   264,  6416,  5202,  4052, 22066,  3248,
          395, 11260,  4788,   298,   808,   582, 27222,   354, 12076,   298,
         1038, 11866,  1339, 28723,    13,  1014,  2996,   349,   390,  6104,
        28747, 28705,    13, 22241,   473,  6808,   403,  2651,   390,   272,
        18272,   392,   302,   264,  1215,  4387,  2796,  4034, 28723,  9595,
         4708,   403,   456,  4034,   477, 28804,   531,    13, 17899, 11194,
          460,   714, 28705,    13,  1410,  1014, 28302, 14653,  1421,   531,
           13, 12069,  3084,   272,  3248,   368,   506,  3859, 28725, 28705,
           13,  4091,   272,  2757,  3624, 28747,    13, 28738,  1153,  1180,
          523,  3901, 28767,   422, 25775,   523,   772, 28767,    13, 28792,
        28748, 16289, 28793,   415, 28302, 14653, 28792, 16289, 28793,  2087,
        18741,  4060,    13,  1976,   460,   396, 13892, 28723, 28705,    13,
        12069,  5407,   369,   574, 14915,   622,  4052,   291,   316,   272,
         8847,   297,  4735, 28723, 28705,    13,  3381,   368,   949, 28742,
        28707,   873,   272,  4372, 28725,   776,  4098,   741,  1341,  1871,
        28723,    13, 28789,   700, 18741,  4060,    13, 20548,   336,   349,
          264,  4788, 28733,   501,  4097,  2996,  1200,   368,   927,   298,
         1156,   272,  3905,   302,   264,  4052, 20590, 18370,   263,   842,
           13, 28765,   375,  1491,   380,   264,  6416,  5202,  4052, 22066,
         3248,   395, 11260,  4788,   298,   808,   582, 27222,   354, 12076,
          298,  1038, 11866,  1339, 28723,    13,  1014,  2996,   349,   390,
         6104, 28747, 28705,    13, 22241,   473,  6808,   403,  2651,   390,
          272, 18272,   392,   302,   264,  1215,  4387,  2796,  4034, 28723,
         9595,  4708,   403,   456,  4034,   477, 28804,   531,    13, 17899,
        11194,   460,   714, 28705,    13,  1410,  1014, 28302, 14653,  1421,
          531,    13, 12069,  3084,   272,  3248,   368,   506,  3859, 28725,
        28705,    13,  4091,   272,  2757,  3624, 28747,    13, 28738,  1153,
         1180,   523,  3901, 28767,   422, 25775,   523,   772, 28767,    13,
        28792, 28748, 16289, 28793,   415, 28302, 14653,     2],
       device='cuda:0')